-------------------------------------------------------------
sd0301   61   0     0    0
sd0304   1    0     0    0
sd0305   14   0     0    0
sd0401   21   0     0    0
sop0102  1    0     0    0
sop0106  1    0     0    0
sop0310  1    0     0    0
sop0409  3    1     0    1
sd0303   29   4     0    2
sop0408  3    5     1    4
sd0403   2    11    1    10
sd0405   609  26    0    10
sop0406  4    35    0    15
sd0106   3    41    7    27
sd0109   2    51    25   26
sd0105   9    129   0    44
sd0108   2    132   0    132
sd0402   90   133   0    131
sd0406   188  151   0    131
sop0103  2    171   0    171
sd0407   1    189   189  189
sop0105  9    256   0    87
sop0407  17   363   0    143
sd0104   5    793   43   229
sop0405  4    910   142  267
sop0401  15   1215  3    216
sop0402  9    1431  5    294
sop0301  36   2222  0    326
nlau     50   3043  0    237
sop0201  5    3090  433  893
sop0404  76   4384  0    430
sop0107  54   5745  0    1746
